[gd_scene format=3 uid="uid://dpsmm2it8ax6j"]

[ext_resource type="Script" uid="uid://b7nk5an7n3x0u" path="res://scripts/main.gd" id="1_jd8g8"]
[ext_resource type="Texture2D" uid="uid://bde1e14o0wxek" path="res://assets/skyboxes_49.png" id="1_sugp2"]
[ext_resource type="Script" uid="uid://bf7lirwxphohu" path="res://scripts/player.gd" id="2_qej2g"]
[ext_resource type="PackedScene" uid="uid://m404fvjvh4by" path="res://assets/grass/grass.blend" id="4_jyhfs"]
[ext_resource type="PackedScene" uid="uid://c5jb8uf7te68i" path="res://assets/player/man.glb" id="5_k6xdv"]
[ext_resource type="PackedScene" uid="uid://dt6mf4esslb3w" path="res://scenes/water_teleport_zone.tscn" id="6_tefeu"]
[ext_resource type="PackedScene" path="res://scenes/teleport_target.tscn" id="7_o6xl0"]
[ext_resource type="PackedScene" uid="uid://byj2yo058clmj" path="res://scenes/BoatModel.FBX" id="8_tipki"]
[ext_resource type="PackedScene" path="res://scenes/props/tree_prop_01.tscn" id="9_wqj3u"]
[ext_resource type="PackedScene" path="res://scenes/props/tree_prop_02.tscn" id="10_ju23w"]
[ext_resource type="PackedScene" path="res://scenes/props/tree_prop_03.tscn" id="11_34xqc"]
[ext_resource type="PackedScene" path="res://scenes/props/bush_prop_01.tscn" id="12_3c84m"]
[ext_resource type="PackedScene" path="res://scenes/props/bush_prop_02.tscn" id="13_9m4bt"]
[ext_resource type="PackedScene" path="res://scenes/props/bush_prop_03.tscn" id="14_h8nb2"]
[ext_resource type="PackedScene" uid="uid://sx67n2ho4rkh" path="res://scenes/npc/clippy_npc.tscn" id="15_ikn2m"]
[ext_resource type="PackedScene" path="res://scenes/npc/clippy_fem_npc.tscn" id="16_jbj1t"]
[ext_resource type="Texture2D" uid="uid://cfg2hlx87i34n" path="res://assets/clouds/cloud (1).png" id="17_4tyj1"]
[ext_resource type="Texture2D" uid="uid://bv1r5f4ucele3" path="res://assets/clouds/cloud2 (1).png" id="18_n3m8d"]
[ext_resource type="Texture2D" uid="uid://smd0bapqakc5" path="res://assets/clouds/cloud3 (1).png" id="19_9p2sa"]
[ext_resource type="PackedScene" uid="uid://by6wulq6ghs3h" path="res://scenes/castle_portal.tscn" id="20_5f5o6"]
[ext_resource type="PackedScene" uid="uid://d3m4xpslvx1xw" path="res://scenes/npc/anton_npc.tscn" id="21_anton"]
[ext_resource type="PackedScene" path="res://scenes/npc/anton_v2_npc.tscn" id="22_antonv2"]
[ext_resource type="PackedScene" uid="uid://beffmyfvr7mtr" path="res://scenes/npc/jaba_npc.tscn" id="23_pm3ni"]
[ext_resource type="PackedScene" path="res://scenes/build_scene.tscn" id="24_y6deb"]

[sub_resource type="PanoramaSkyMaterial" id="PanoramaSkyMaterial_jyhfs"]
panorama = ExtResource("1_sugp2")

[sub_resource type="Sky" id="Sky_0380h"]
sky_material = SubResource("PanoramaSkyMaterial_jyhfs")

[sub_resource type="Environment" id="Environment_ftg7o"]
background_mode = 2
sky = SubResource("Sky_0380h")
ambient_light_source = 3
ambient_light_sky_contribution = 0.55
tonemap_mode = 2
tonemap_exposure = 1.15
glow_enabled = true
glow_intensity = 0.75
fog_light_color = Color(0.6, 0.9, 1, 1)
fog_light_energy = 0.35
fog_density = 0.004

[sub_resource type="CapsuleShape3D" id="CapsuleShape3D_1smyo"]
radius = 0.4
height = 2.6293945

[sub_resource type="BoxShape3D" id="BoxShape3D_0ld40"]
size = Vector3(0.3928833, 0.22027493, 1.345108)

[sub_resource type="BoxShape3D" id="BoxShape3D_a8y0u"]
size = Vector3(0.3928833, 0.10949516, 1.1408157)

[sub_resource type="BoxShape3D" id="BoxShape3D_gqmmt"]
size = Vector3(0.3928833, 0.10949516, 0.8123512)

[sub_resource type="BoxShape3D" id="BoxShape3D_yc10j"]
size = Vector3(0.3928833, 0.10949516, 1.1393509)

[sub_resource type="BoxShape3D" id="BoxShape3D_jscy8"]
size = Vector3(0.3928833, 0.10949516, 1.345108)

[sub_resource type="BoxShape3D" id="BoxShape3D_pm3ni"]
size = Vector3(0.3928833, 0.10949516, 0.9225807)

[sub_resource type="BoxShape3D" id="BoxShape3D_y6deb"]
size = Vector3(0.3928833, 0.10949516, 0.92001724)

[sub_resource type="BoxShape3D" id="BoxShape3D_og1vs"]
size = Vector3(0.3928833, 0.10949516, 1.0875931)

[sub_resource type="BoxShape3D" id="BoxShape3D_2wyq8"]
size = Vector3(0.3928833, 0.10949516, 1.345108)

[node name="Main" type="Node3D" unique_id=486184376]
script = ExtResource("1_jd8g8")

[node name="WorldEnvironment" type="WorldEnvironment" parent="." unique_id=609823035]
environment = SubResource("Environment_ftg7o")

[node name="Sun" type="DirectionalLight3D" parent="." unique_id=1397385971]
transform = Transform3D(0.98558486, -0.12272001, -0.11645747, 0, 0.6883562, -0.7253729, 0.16918199, 0.71491647, 0.6784334, 0, 34.215332, 0)
light_color = Color(0.87, 0.95, 1, 1)
light_energy = 1.4
shadow_enabled = true

[node name="SkyClouds" type="Node3D" parent="." unique_id=287389059]

[node name="Cloud01" type="Sprite3D" parent="SkyClouds" unique_id=686865786]
transform = Transform3D(28, 0, 0, 0, -1.2239188e-06, 28, 0, -28, -1.2239188e-06, 120, 145, -260)
no_depth_test = true
texture = ExtResource("17_4tyj1")

[node name="Cloud02" type="Sprite3D" parent="SkyClouds" unique_id=295322941]
transform = Transform3D(24, 0, 0, 0, -1.0490733e-06, 24, 0, -24, -1.0490733e-06, 260, 158, -140)
no_depth_test = true
texture = ExtResource("18_n3m8d")

[node name="Cloud03" type="Sprite3D" parent="SkyClouds" unique_id=331465331]
transform = Transform3D(30, 0, 0, 0, -1.3113416e-06, 30, 0, -30, -1.3113416e-06, 360, 150, -330)
no_depth_test = true
texture = ExtResource("19_9p2sa")

[node name="Cloud04" type="Sprite3D" parent="SkyClouds" unique_id=1537521042]
transform = Transform3D(22, 0, 0, 0, -9.616506e-07, 22, 0, -22, -9.616506e-07, 40, 162, -80)
no_depth_test = true
texture = ExtResource("18_n3m8d")

[node name="Cloud05" type="Sprite3D" parent="SkyClouds" unique_id=1984457824]
transform = Transform3D(26, 0, 0, 0, -1.136496e-06, 26, 0, -26, -1.136496e-06, 420, 168, -210)
no_depth_test = true
texture = ExtResource("17_4tyj1")

[node name="Player" type="CharacterBody3D" parent="." unique_id=168654913]
transform = Transform3D(1, 0, 0, 0, 1, 0, 0, 0, 1, 0, -13.270941, 0)
script = ExtResource("2_qej2g")
move_speed = 50.0
air_acceleration = 5.0
jump_velocity = 20.0
outline_thickness = 0.01

[node name="CollisionShape3D" type="CollisionShape3D" parent="Player" unique_id=36214131]
transform = Transform3D(1, 0, 0, 0, 1, 0, 0, 0, 1, 0, 0.08530235, 0)
shape = SubResource("CapsuleShape3D_1smyo")

[node name="Visual" type="Node3D" parent="Player" unique_id=207015414]

[node name="PlayerModel" parent="Player/Visual" unique_id=1490766334 instance=ExtResource("5_k6xdv")]
transform = Transform3D(0.85, 0, 0, 0, 0.85, 0, 0, 0, 0.85, 0, 0, 0)

[node name="CameraRig" type="Node3D" parent="Player" unique_id=250036780]
transform = Transform3D(1, 0, 0, 0, 1, 0, 0, 0, 1, 0, 1.25, 0)

[node name="PitchPivot" type="Node3D" parent="Player/CameraRig" unique_id=1575683861]

[node name="SpringArm3D" type="SpringArm3D" parent="Player/CameraRig/PitchPivot" unique_id=2089970162]
spring_length = 6.2
margin = 0.05

[node name="Camera3D" type="Camera3D" parent="Player/CameraRig/PitchPivot/SpringArm3D" unique_id=1634322252]
current = true
fov = 82.0

[node name="TeleportTarget" parent="Player/CameraRig/PitchPivot/SpringArm3D" unique_id=150564331 instance=ExtResource("7_o6xl0")]
transform = Transform3D(1, 0, 0, 0, 1, 0, 0, 0, 1, 141.66365, -27.751356, -378.68134)

[node name="grass" parent="." unique_id=2009422018 instance=ExtResource("4_jyhfs")]
transform = Transform3D(1, 0, 0, 0, 1, 0, 0, 0, 1, -0.04220915, 0.058112144, -5.8412552e-05)
metadata/_edit_lock_ = true

[node name="WaterTeleportZone" parent="." unique_id=122103309 instance=ExtResource("6_tefeu")]
transform = Transform3D(159.10458, 0, 0, 0, 9.005449, 0, 0, 0, 103.72482, 246.83372, -70.16541, -349.40668)
teleport_player = true

[node name="TeleportTarget" parent="." unique_id=96333027 instance=ExtResource("7_o6xl0")]
transform = Transform3D(1, 0, 0, 0, 1, 0, 0, 0, 1, 128.99045, -44.29244, -341.0564)

[node name="ClippyNPC" parent="." unique_id=966886137 instance=ExtResource("15_ikn2m")]
transform = Transform3D(1.0741719, 0, -1.6842761, 0, 3.519806, 0, 3.0429854, 0, 0.5945484, 157.60788, -56.252327, -348.20288)

[node name="treesnbashes" type="Node3D" parent="." unique_id=608138934]
transform = Transform3D(0.6813302, 0, 0.7319762, 0, 1, 0, -0.7319762, 0, 0.6813302, 178.91035, -40.010193, 166.53142)

[node name="BushProp01" parent="treesnbashes" unique_id=1931121104 instance=ExtResource("12_3c84m")]
transform = Transform3D(-0.5091793, 0, 0.8606602, 0, 1, 0, -0.8606602, 0, -0.5091793, 385.16278, 6.437332, -472.28897)
target_path = NodePath("../../Player")

[node name="BushProp02" parent="treesnbashes" unique_id=1569746504 instance=ExtResource("12_3c84m")]
transform = Transform3D(-0.72093225, 0, 0.69300556, 0, 1, 0, -0.69300556, 0, -0.72093225, 227.89453, 9.640533, -481.49924)
target_path = NodePath("../../Player")

[node name="BushProp03" parent="treesnbashes" unique_id=1401127410 instance=ExtResource("12_3c84m")]
transform = Transform3D(0.99542725, 0, 0.09552297, 0, 1, 0, -0.09552297, 0, 0.99542725, 26.749039, -1.8530273, 34.325684)
target_path = NodePath("../../Player")

[node name="BushProp04" parent="treesnbashes" unique_id=2031148492 instance=ExtResource("12_3c84m")]
target_path = NodePath("../../Player")

[node name="BushProp05" parent="treesnbashes" unique_id=365933694 instance=ExtResource("12_3c84m")]
transform = Transform3D(0.99458915, 0, -0.103886776, 0, 1, 0, 0.103886776, 0, 0.99458915, -65.11654, -6.4008865, 378.99023)
target_path = NodePath("../../Player")

[node name="BushProp06" parent="treesnbashes" unique_id=2015991406 instance=ExtResource("12_3c84m")]
transform = Transform3D(-0.37645575, 0, -0.92643416, 0, 1, 0, 0.92643416, 0, -0.37645575, -276.2252, 11.265598, -356.6649)
target_path = NodePath("../../Player")

[node name="BushProp07" parent="treesnbashes" unique_id=678354569 instance=ExtResource("12_3c84m")]
transform = Transform3D(-0.99836415, 0, -0.057175584, 0, 1, 0, 0.057175584, 0, -0.99836415, -31.588829, 1.5002441, -796.0057)
target_path = NodePath("../../Player")

[node name="BushProp08" parent="treesnbashes" unique_id=652185500 instance=ExtResource("12_3c84m")]
transform = Transform3D(-0.38533145, 0, -0.92277825, 0, 1, 0, 0.92277825, 0, -0.38533145, -231.67923, 15.952206, -341.16504)
target_path = NodePath("../../Player")

[node name="BushProp09" parent="treesnbashes" unique_id=2090359389 instance=ExtResource("13_9m4bt")]
transform = Transform3D(-0.9964369, 0, -0.08433982, 0, 1, 0, 0.08433982, 0, -0.9964369, -22.422989, 15.989462, -509.33893)
target_path = NodePath("../../Player")

[node name="BushProp10" parent="treesnbashes" unique_id=716445924 instance=ExtResource("13_9m4bt")]
transform = Transform3D(-0.86344767, 0, -0.50443846, 0, 1, 0, 0.50443846, 0, -0.86344767, -258.5214, 11.48638, -686.93225)
target_path = NodePath("../../Player")

[node name="BushProp11" parent="treesnbashes" unique_id=652993714 instance=ExtResource("13_9m4bt")]
transform = Transform3D(0.40471995, 0, -0.9144407, 0, 1, 0, 0.9144407, 0, 0.40471995, -173.3374, 9.136307, -167.70406)
target_path = NodePath("../../Player")

[node name="TreeProp03" parent="treesnbashes" unique_id=1345497836 instance=ExtResource("11_34xqc")]
transform = Transform3D(-0.2749877, 0, -0.96144694, 0, 1, 0, 0.96144694, 0, -0.2749877, -185.13272, 18.038422, -297.37164)
target_path = NodePath("../../Player")

[node name="TreeProp02" parent="treesnbashes" unique_id=1462619591 instance=ExtResource("10_ju23w")]
transform = Transform3D(0.92405033, 0, 0.38226974, 0, 1, 0, -0.38226974, 0, 0.92405033, 100.19693, 7.3094788, -2.2176971)
target_path = NodePath("../../Player")

[node name="TreeProp01" parent="treesnbashes" unique_id=948642249 instance=ExtResource("9_wqj3u")]
transform = Transform3D(-0.9641218, 0, -0.2654602, 0, 1, 0, 0.2654602, 0, -0.9641218, -78.83426, 14.439459, -530.7383)
target_path = NodePath("../../Player")

[node name="BushProp12" parent="treesnbashes" unique_id=692444629 instance=ExtResource("14_h8nb2")]
transform = Transform3D(0.56607985, 0, 0.82435024, 0, 1, 0, -0.82435024, 0, 0.56607985, 225.26843, 2.8762398, -89.7296)
target_path = NodePath("../../Player")

[node name="TreeProp04" parent="treesnbashes" unique_id=575229497 instance=ExtResource("10_ju23w")]
transform = Transform3D(0.99758923, 0, 0.06939539, 0, 1, 0, -0.06939539, 0, 0.99758923, 11.391991, 4.858284, -80.65637)
target_path = NodePath("../../Player")

[node name="BushProp13" parent="treesnbashes" unique_id=311644047 instance=ExtResource("13_9m4bt")]
transform = Transform3D(-0.6665296, 0, -0.74547845, 0, 1, 0, 0.74547845, 0, -0.6665296, -239.51974, 19.903763, -458.5747)
target_path = NodePath("../../Player")

[node name="BushProp14" parent="treesnbashes" unique_id=822681585 instance=ExtResource("13_9m4bt")]
transform = Transform3D(-0.98990047, 0, -0.1417641, 0, 1, 0, 0.1417641, 0, -0.98990047, -88.568535, 9.245605, -862.871)
target_path = NodePath("../../Player")

[node name="BushProp15" parent="treesnbashes" unique_id=851094622 instance=ExtResource("13_9m4bt")]
transform = Transform3D(0.2827937, 0, -0.9591808, 0, 1, 0, 0.9591808, 0, 0.2827937, -129.58295, 14.293274, -206.21628)
target_path = NodePath("../../Player")

[node name="TreeProp05" parent="treesnbashes" unique_id=2109585835 instance=ExtResource("10_ju23w")]
transform = Transform3D(-0.17930588, 0, -0.9837934, 0, 1, 0, 0.9837934, 0, -0.17930588, -502.73746, -19.66291, -336.04974)
target_path = NodePath("../../Player")

[node name="TreeProp06" parent="treesnbashes" unique_id=1762955711 instance=ExtResource("9_wqj3u")]
transform = Transform3D(-0.3969726, 0, -0.91783047, 0, 1, 0, 0.91783047, 0, -0.3969726, -396.75803, -9.756592, -416.02362)
target_path = NodePath("../../Player")

[node name="BushProp16" parent="treesnbashes" unique_id=790106152 instance=ExtResource("12_3c84m")]
transform = Transform3D(0.36215138, 0, -0.9321193, 0, 1, 0, 0.9321193, 0, 0.36215138, -428.44302, 1.4489174, -77.96033)
target_path = NodePath("../../Player")

[node name="BushProp17" parent="treesnbashes" unique_id=876281154 instance=ExtResource("14_h8nb2")]
transform = Transform3D(-0.06725664, 0, -0.99773467, 0, 1, 0, 0.99773467, 0, -0.06725664, -419.98987, -5.665291, -272.73224)
target_path = NodePath("../../Player")

[node name="TreeProp07" parent="treesnbashes" unique_id=1025737136 instance=ExtResource("11_34xqc")]
transform = Transform3D(-0.9489315, 0, -0.31548217, 0, 1, 0, 0.31548217, 0, -0.9489315, -139.71918, 5.559273, -664.6792)
target_path = NodePath("../../Player")

[node name="TreeProp08" parent="treesnbashes" unique_id=2010220057 instance=ExtResource("10_ju23w")]
transform = Transform3D(0.99926966, 0, 0.038211614, 0, 1, 0, -0.038211614, 0, 0.99926966, 13.627922, -5.639145, 111.96149)
target_path = NodePath("../../Player")

[node name="BushProp18" parent="treesnbashes" unique_id=1331042813 instance=ExtResource("13_9m4bt")]
transform = Transform3D(0.9997691, 0, 0.021489022, 0, 1, 0, -0.021489022, 0, 0.9997691, 13.787605, 0.5661316, 397.04364)
target_path = NodePath("../../Player")

[node name="BushProp19" parent="treesnbashes" unique_id=1080331482 instance=ExtResource("12_3c84m")]
transform = Transform3D(-0.98891884, 0, 0.14845715, 0, 1, 0, -0.14845715, 0, -0.98891884, 59.323204, 6.306061, -639.5914)
target_path = NodePath("../../Player")

[node name="TreeProp09" parent="treesnbashes" unique_id=18776113 instance=ExtResource("9_wqj3u")]
transform = Transform3D(0.9574132, 0, 0.28872114, 0, 1, 0, -0.28872114, 0, 0.9574132, 149.25052, 8.773773, 250.50092)
target_path = NodePath("../../Player")

[node name="BushProp20" parent="treesnbashes" unique_id=1576456390 instance=ExtResource("14_h8nb2")]
transform = Transform3D(0.9533354, 0, -0.30191326, 0, 1, 0, 0.30191326, 0, 0.9533354, -76.402145, -1.8195953, -3.1700134)
target_path = NodePath("../../Player")

[node name="BushProp21" parent="treesnbashes" unique_id=75627928 instance=ExtResource("14_h8nb2")]
transform = Transform3D(0.5130023, 0, 0.85838723, 0, 1, 0, -0.85838723, 0, 0.5130023, 412.571, -10.045044, 2.145874)
target_path = NodePath("../../Player")

[node name="BushProp22" parent="treesnbashes" unique_id=1680472722 instance=ExtResource("13_9m4bt")]
transform = Transform3D(0.1432708, 0, 0.9896835, 0, 1, 0, -0.9896835, 0, 0.1432708, 236.11337, -4.841282, -210.24025)
target_path = NodePath("../../Player")

[node name="TreeProp10" parent="treesnbashes" unique_id=630077549 instance=ExtResource("9_wqj3u")]
transform = Transform3D(0.50071955, 0, 0.8656093, 0, 1, 0, -0.8656093, 0, 0.50071955, 237.61752, -0.270504, -106.968994)
target_path = NodePath("../../Player")

[node name="BushProp23" parent="treesnbashes" unique_id=920367255 instance=ExtResource("14_h8nb2")]
transform = Transform3D(-0.34443223, 0, 0.9388112, 0, 1, 0, -0.9388112, 0, -0.34443223, 470.97552, -5.6555786, -417.21313)
target_path = NodePath("../../Player")

[node name="BushProp24" parent="treesnbashes" unique_id=557274336 instance=ExtResource("13_9m4bt")]
transform = Transform3D(0.35542032, 0, 0.93470657, 0, 1, 0, -0.93470657, 0, 0.35542032, 237.5924, -0.33392334, -154.077)
target_path = NodePath("../../Player")

[node name="TreeProp11" parent="treesnbashes" unique_id=142269395 instance=ExtResource("11_34xqc")]
transform = Transform3D(0.6639158, 0, 0.7478072, 0, 1, 0, -0.7478072, 0, 0.6639158, 222.45609, 2.9260826, -46.920776)
target_path = NodePath("../../Player")

[node name="TreeProp12" parent="treesnbashes" unique_id=1304833589 instance=ExtResource("10_ju23w")]
transform = Transform3D(-0.40107077, 0, 0.9160471, 0, 1, 0, -0.9160471, 0, -0.40107077, 482.1986, 3.8546867, -455.54095)
target_path = NodePath("../../Player")

[node name="TreeProp13" parent="treesnbashes" unique_id=302868863 instance=ExtResource("10_ju23w")]
transform = Transform3D(-0.62405103, 0, 0.7813836, 0, 1, 0, -0.7813836, 0, -0.62405103, 377.0985, 16.86925, -545.5903)
target_path = NodePath("../../Player")

[node name="TreeProp14" parent="treesnbashes" unique_id=1706773133 instance=ExtResource("10_ju23w")]
transform = Transform3D(0.058162402, 0, 0.99830604, 0, 1, 0, -0.99830604, 0, 0.058162402, 723.0322, -10.273525, -202.29639)
target_path = NodePath("../../Player")

[node name="TreeProp15" parent="treesnbashes" unique_id=665397893 instance=ExtResource("10_ju23w")]
transform = Transform3D(0.56357634, 0, 0.826064, 0, 1, 0, -0.826064, 0, 0.56357634, 411.3551, -5.0472794, 36.223114)
target_path = NodePath("../../Player")

[node name="TreeProp16" parent="treesnbashes" unique_id=1441792935 instance=ExtResource("11_34xqc")]
transform = Transform3D(-0.3317773, 0, 0.9433575, 0, 1, 0, -0.9433575, 0, -0.3317773, 500.31665, -8.597023, -420.3816)
target_path = NodePath("../../Player")

[node name="TreeProp17" parent="treesnbashes" unique_id=1315218153 instance=ExtResource("11_34xqc")]
transform = Transform3D(-0.093587376, 0, 0.9956111, 0, 1, 0, -0.9956111, 0, -0.093587376, 682.75146, -7.0650063, -308.59958)
target_path = NodePath("../../Player")

[node name="TreeProp18" parent="treesnbashes" unique_id=1754973700 instance=ExtResource("11_34xqc")]
transform = Transform3D(0.3564253, 0, 0.93432385, 0, 1, 0, -0.93432385, 0, 0.3564253, 594.914, -17.526539, -17.473557)
target_path = NodePath("../../Player")

[node name="TreeProp19" parent="treesnbashes" unique_id=254459903 instance=ExtResource("9_wqj3u")]
transform = Transform3D(-0.89073163, 0, -0.45452943, 0, 1, 0, 0.45452943, 0, -0.89073163, -56.11931, 24.98045, -354.39682)
target_path = NodePath("../../Player")

[node name="TreeProp20" parent="treesnbashes" unique_id=472632791 instance=ExtResource("9_wqj3u")]
transform = Transform3D(-0.34621915, 0, 0.9381531, 0, 1, 0, -0.9381531, 0, -0.34621915, 77.06405, 15.731621, -272.861)
target_path = NodePath("../../Player")

[node name="BushProp25" parent="treesnbashes" unique_id=1366791816 instance=ExtResource("13_9m4bt")]
transform = Transform3D(-0.99995035, 0, 0.009966121, 0, 1, 0, -0.009966121, 0, -0.99995035, 0.9252014, 22.856255, -337.24994)
target_path = NodePath("../../Player")

[node name="TreeProp21" parent="treesnbashes" unique_id=1418410408 instance=ExtResource("9_wqj3u")]
transform = Transform3D(0.09526775, 0, 0.9954517, 0, 1, 0, -0.9954517, 0, 0.09526775, 77.21459, 14.773926, -237.03134)
target_path = NodePath("../../Player")

[node name="BushProp26" parent="treesnbashes" unique_id=1982167941 instance=ExtResource("13_9m4bt")]
transform = Transform3D(-0.9346352, 0, 0.3556079, 0, 1, 0, -0.3556079, 0, -0.9346352, 89.67609, 9.164757, -480.1144)
target_path = NodePath("../../Player")

[node name="BushProp27" parent="treesnbashes" unique_id=1425756040 instance=ExtResource("13_9m4bt")]
transform = Transform3D(-0.45472488, 0, 0.8906316, 0, 1, 0, -0.8906316, 0, -0.45472488, 205.18042, 3.0724945, -349.17883)
target_path = NodePath("../../Player")

[node name="TreeProp22" parent="treesnbashes" unique_id=2017316291 instance=ExtResource("11_34xqc")]
transform = Transform3D(0.97611165, 0, 0.21726951, 0, 1, 0, -0.21726951, 0, 0.97611165, 32.259518, 9.775757, -99.49094)
target_path = NodePath("../../Player")

[node name="TreeProp23" parent="treesnbashes" unique_id=18275299 instance=ExtResource("10_ju23w")]
transform = Transform3D(-0.6236091, 0, -0.7817361, 0, 1, 0, 0.7817361, 0, -0.6236091, -89.370445, 23.277493, -315.7139)
target_path = NodePath("../../Player")

[node name="TreeProp24" parent="treesnbashes" unique_id=1025291186 instance=ExtResource("9_wqj3u")]
transform = Transform3D(-0.91710263, 0, -0.39865083, 0, 1, 0, 0.39865083, 0, -0.91710263, -89.53696, 25.023392, -450.40228)
target_path = NodePath("../../Player")

[node name="BushProp28" parent="treesnbashes" unique_id=995338098 instance=ExtResource("14_h8nb2")]
transform = Transform3D(-0.9919225, 0, 0.12684548, 0, 1, 0, -0.12684548, 0, -0.9919225, 36.498924, 8.750692, -529.8401)
target_path = NodePath("../../Player")

[node name="BushProp29" parent="treesnbashes" unique_id=947317021 instance=ExtResource("14_h8nb2")]
transform = Transform3D(-0.78903395, 0, 0.61434984, 0, 1, 0, -0.61434984, 0, -0.78903395, 168.49811, 6.980236, -460.82977)
target_path = NodePath("../../Player")

[node name="TreeProp25" parent="treesnbashes" unique_id=45491219 instance=ExtResource("10_ju23w")]
transform = Transform3D(0.70575184, 0, 0.70845914, 0, 1, 0, -0.70845914, 0, 0.70575184, 97.17781, 9.948479, -147.61456)
target_path = NodePath("../../Player")

[node name="TreeProp26" parent="treesnbashes" unique_id=611777710 instance=ExtResource("9_wqj3u")]
transform = Transform3D(0.5773908, 0, 0.81646794, 0, 1, 0, -0.81646794, 0, 0.5773908, 340.82535, -2.7941818, -3.3957672)
target_path = NodePath("../../Player")

[node name="TreeProp27" parent="treesnbashes" unique_id=1239442791 instance=ExtResource("10_ju23w")]
transform = Transform3D(0.24973764, 0, -0.96831256, 0, 1, 0, 0.96831256, 0, 0.24973764, -448.2869, 0.06303406, -128.80331)
target_path = NodePath("../../Player")

[node name="TreeProp28" parent="treesnbashes" unique_id=102816559 instance=ExtResource("9_wqj3u")]
transform = Transform3D(0.21092711, 0, -0.9775013, 0, 1, 0, 0.9775013, 0, 0.21092711, -310.45575, 8.022629, -177.43025)
target_path = NodePath("../../Player")

[node name="TreeProp29" parent="treesnbashes" unique_id=998314689 instance=ExtResource("9_wqj3u")]
transform = Transform3D(-0.12073118, 0, -0.9926851, 0, 1, 0, 0.9926851, 0, -0.12073118, -322.49695, 4.6694794, -283.64337)
target_path = NodePath("../../Player")

[node name="BushProp30" parent="treesnbashes" unique_id=507733733 instance=ExtResource("14_h8nb2")]
transform = Transform3D(0.15073319, 0, -0.9885735, 0, 1, 0, 0.9885735, 0, 0.15073319, -571.66986, 1.0646591, -157.25536)
target_path = NodePath("../../Player")

[node name="TreeProp30" parent="treesnbashes" unique_id=2134804027 instance=ExtResource("9_wqj3u")]
transform = Transform3D(-0.48437938, 0, 0.8748578, 0, 1, 0, -0.8748578, 0, -0.48437938, 235.93372, 1.5590401, -375.04956)
target_path = NodePath("../../Player")

[node name="TreeProp31" parent="treesnbashes" unique_id=301994974 instance=ExtResource("10_ju23w")]
transform = Transform3D(0.27485055, 0, 0.96148616, 0, 1, 0, -0.96148616, 0, 0.27485055, 188.43936, 3.8447037, -190.55373)
target_path = NodePath("../../Player")

[node name="BushProp31" parent="treesnbashes" unique_id=1116576010 instance=ExtResource("14_h8nb2")]
transform = Transform3D(0.06682824, 0, 0.99776345, 0, 1, 0, -0.99776345, 0, 0.06682824, 197.11536, 5.5202675, -231.2186)
target_path = NodePath("../../Player")

[node name="TreeProp32" parent="treesnbashes" unique_id=711003806 instance=ExtResource("9_wqj3u")]
transform = Transform3D(0.29289895, 0, 0.95614326, 0, 1, 0, -0.95614326, 0, 0.29289895, 164.06735, 3.7440033, -194.16165)
target_path = NodePath("../../Player")

[node name="BushProp32" parent="treesnbashes" unique_id=215484167 instance=ExtResource("14_h8nb2")]
transform = Transform3D(-0.6506448, 0, 0.7593821, 0, 1, 0, -0.7593821, 0, -0.6506448, 215.01471, 5.881714, -428.64734)
target_path = NodePath("../../Player")

[node name="TreeProp33" parent="treesnbashes" unique_id=832751661 instance=ExtResource("10_ju23w")]
transform = Transform3D(0.06638886, 0, 0.9977927, 0, 1, 0, -0.9977927, 0, 0.06638886, 222.05511, -2.8646278, -229.64642)
target_path = NodePath("../../Player")

[node name="TreeProp34" parent="treesnbashes" unique_id=392948326 instance=ExtResource("10_ju23w")]
transform = Transform3D(-0.22799607, 0, 0.9736616, 0, 1, 0, -0.9736616, 0, -0.22799607, 251.23041, -5.0022583, -303.25)
target_path = NodePath("../../Player")

[node name="TreeProp35" parent="treesnbashes" unique_id=344893319 instance=ExtResource("9_wqj3u")]
transform = Transform3D(-0.36669993, 0, 0.9303393, 0, 1, 0, -0.9303393, 0, -0.36669993, 239.45908, -0.33856964, -338.8055)
target_path = NodePath("../../Player")

[node name="BushProp33" parent="treesnbashes" unique_id=2129495484 instance=ExtResource("13_9m4bt")]
transform = Transform3D(-0.6466912, 0, 0.76275194, 0, 1, 0, -0.76275194, 0, -0.6466912, 155.80136, 7.4795, -376.51553)
target_path = NodePath("../../Player")

[node name="BushProp34" parent="treesnbashes" unique_id=1466905133 instance=ExtResource("13_9m4bt")]
transform = Transform3D(-0.48077157, 0, 0.87684554, 0, 1, 0, -0.87684554, 0, -0.48077157, 144.55951, 9.978676, -323.6825)
target_path = NodePath("../../Player")

[node name="TreeProp36" parent="treesnbashes" unique_id=988525790 instance=ExtResource("9_wqj3u")]
transform = Transform3D(0.22155787, 0, 0.97514725, 0, 1, 0, -0.97514725, 0, 0.22155787, 176.44574, 2.5944633, -204.33176)
target_path = NodePath("../../Player")

[node name="TreeProp37" parent="treesnbashes" unique_id=994049159 instance=ExtResource("9_wqj3u")]
transform = Transform3D(0.016237812, 0, 0.99986815, 0, 1, 0, -0.99986815, 0, 0.016237812, 142.88742, 8.256666, -242.10052)
target_path = NodePath("../../Player")

[node name="TreeProp38" parent="treesnbashes" unique_id=808061300 instance=ExtResource("10_ju23w")]
transform = Transform3D(-0.15303016, 0, 0.9882204, 0, 1, 0, -0.9882204, 0, -0.15303016, 215.6128, -0.09460449, -277.80957)
target_path = NodePath("../../Player")

[node name="TreeProp39" parent="treesnbashes" unique_id=974761967 instance=ExtResource("9_wqj3u")]
transform = Transform3D(-0.49804503, 0, 0.867151, 0, 1, 0, -0.867151, 0, -0.49804503, 254.68668, 0.6665726, -390.69937)
target_path = NodePath("../../Player")

[node name="BushProp35" parent="treesnbashes" unique_id=436004752 instance=ExtResource("14_h8nb2")]
transform = Transform3D(-0.71714497, 0, 0.6969239, 0, 1, 0, -0.6969239, 0, -0.71714497, 181.78778, 6.4047775, -431.48328)
target_path = NodePath("../../Player")

[node name="BushProp36" parent="treesnbashes" unique_id=1377511184 instance=ExtResource("13_9m4bt")]
transform = Transform3D(0.6477623, 0, 0.76184255, 0, 1, 0, -0.76184255, 0, 0.6477623, 82.580475, 15.418758, -174.20636)
target_path = NodePath("../../Player")

[node name="BushProp37" parent="treesnbashes" unique_id=933007824 instance=ExtResource("13_9m4bt")]
transform = Transform3D(0.6471468, 0, 0.7623653, 0, 1, 0, -0.7623653, 0, 0.6471468, 121.92591, 12.464199, -140.92212)
target_path = NodePath("../../Player")

[node name="TreeProp40" parent="treesnbashes" unique_id=1444359631 instance=ExtResource("9_wqj3u")]
transform = Transform3D(0.28833127, 0, 0.95753074, 0, 1, 0, -0.95753074, 0, 0.28833127, 114.6112, 11.876879, -209.90933)
target_path = NodePath("../../Player")

[node name="TreeProp41" parent="treesnbashes" unique_id=207420974 instance=ExtResource("10_ju23w")]
transform = Transform3D(-0.07692487, 0, 0.9970358, 0, 1, 0, -0.9970358, 0, -0.07692487, 121.811714, 11.403805, -253.81921)
target_path = NodePath("../../Player")

[node name="ClippyFemNPC" parent="." unique_id=1442278290 instance=ExtResource("16_jbj1t")]
transform = Transform3D(0.081764586, 0, 0.99665165, 0, 1, 0, -0.99665165, 0, 0.081764586, 134.85712, -46.935722, -342.5513)

[node name="CastlePortal" parent="." unique_id=1762085296 instance=ExtResource("20_5f5o6")]
transform = Transform3D(0.7235801, 0, -0.6902405, 0, 1, 0, 0.6902405, 0, 0.7235801, -431.00208, -2.310442, 282.407)

[node name="AntonNPC" parent="." unique_id=1907910229 instance=ExtResource("21_anton")]
transform = Transform3D(0.9860947, 0, -0.16619082, 0, 1, 0, 0.16619082, 0, 0.9860947, -423.45236, 16.888119, 279.85153)

[node name="AntonV2NPC" parent="." unique_id=89834788 instance=ExtResource("22_antonv2")]
transform = Transform3D(0.9860947, 0, -0.16619082, 0, 1, 0, 0.16619082, 0, 0.9860947, -423.45236, 16.888119, 279.85153)
visible = false
interaction_enabled = false

[node name="water_blocks" type="Node3D" parent="." unique_id=1841704158]

[node name="boats" type="Node3D" parent="." unique_id=1830252254]

[node name="boat" type="Node3D" parent="boats" unique_id=308522643]
transform = Transform3D(21.432407, 0, 0, 0, 35.503998, 0, 0, 0, 26.920677, 394.04187, -60.664642, -337.12457)

[node name="StaticBody3D" type="StaticBody3D" parent="boats/boat" unique_id=2116952753]

[node name="BoatModel2" parent="boats/boat/StaticBody3D" unique_id=622415852 instance=ExtResource("8_tipki")]
transform = Transform3D(1.0000001, 0, 0, 0, 1, 0, 0, 0, 1, 0, 0, 0)

[node name="CollisionShape3D" type="CollisionShape3D" parent="boats/boat/StaticBody3D" unique_id=272351337]
transform = Transform3D(1.0000026, 0, 0, 0, 1, 0, 0, 0, 1, -0.0019264221, 0.05374205, -0.048279762)
shape = SubResource("BoxShape3D_0ld40")

[node name="boat2" type="Node3D" parent="boats" unique_id=1808395441]
transform = Transform3D(21.43241, 0, 0, 0, 2.002924, -26.877806, 0, 35.447456, 1.518704, 264.2234, -66.4384, -337.12457)

[node name="StaticBody3D" type="StaticBody3D" parent="boats/boat2" unique_id=1677041792]

[node name="BoatModel2" parent="boats/boat2/StaticBody3D" unique_id=224164155 instance=ExtResource("8_tipki")]
transform = Transform3D(1.0000001, 0, 0, 0, 1, 0, 0, 0, 1, 0, 0, 0)

[node name="CollisionShape3D" type="CollisionShape3D" parent="boats/boat2/StaticBody3D" unique_id=1567227552]
transform = Transform3D(1.0000026, 0, 0, 0, 1.0000138, 0, 0, -2.9802322e-08, 1.0000002, -0.0019283295, 0.0953989, 0.08675003)
shape = SubResource("BoxShape3D_a8y0u")

[node name="boat3" type="Node3D" parent="boats" unique_id=1587447216]
transform = Transform3D(21.43241, 0, 0, 0, -35.49874, -0.46325415, 0, 0.6109569, -26.91669, 210.67113, -63.18147, -344.13525)

[node name="StaticBody3D" type="StaticBody3D" parent="boats/boat3" unique_id=296471573]

[node name="BoatModel2" parent="boats/boat3/StaticBody3D" unique_id=218446606 instance=ExtResource("8_tipki")]
transform = Transform3D(1.0000002, 0, 0, 0, 1.0000001, 0, 0, -1.8626451e-09, 1.0000001, 0, -0.14882302, -0.0033779144)

[node name="CollisionShape3D" type="CollisionShape3D" parent="boats/boat3/StaticBody3D" unique_id=528642937]
transform = Transform3D(1.0000026, 0, 0, 0, 1.0000002, -3.5390258e-08, 0, -7.450581e-09, 1.0000147, -0.0019264221, -0.102941036, -0.045768738)
shape = SubResource("BoxShape3D_gqmmt")

[node name="boat4" type="Node3D" parent="boats" unique_id=1537286746]
transform = Transform3D(-1.3789774, -35.374012, -1.5155576, 0, 2.0029244, -26.87781, 21.388002, -2.2807162, -0.09771488, 241.15628, -63.611736, -355.7279)

[node name="StaticBody3D" type="StaticBody3D" parent="boats/boat4" unique_id=645759962]

[node name="BoatModel2" parent="boats/boat4/StaticBody3D" unique_id=1620762801 instance=ExtResource("8_tipki")]
transform = Transform3D(1.0000001, 0, 0, 0, 1, 0, 0, 0, 1, 0, 0, 0)

[node name="CollisionShape3D" type="CollisionShape3D" parent="boats/boat4/StaticBody3D" unique_id=471244455]
transform = Transform3D(0.99998593, 3.7252903e-08, 1.6298145e-08, 4.0978193e-08, 0.99999964, 1.5590922e-07, -1.6763806e-08, -2.0838343e-08, 1, -0.0019245148, 0.08387661, 0.05459845)
shape = SubResource("BoxShape3D_yc10j")

[node name="boat5" type="Node3D" parent="boats" unique_id=1070170256]
transform = Transform3D(-2.7635498, 0.41392535, 26.694103, -0.032221187, -35.50158, 0.31123582, 21.253466, 0, 3.4714565, 322.56512, -58.165787, -337.12457)

[node name="StaticBody3D" type="StaticBody3D" parent="boats/boat5" unique_id=882294445]

[node name="BoatModel2" parent="boats/boat5/StaticBody3D" unique_id=440307422 instance=ExtResource("8_tipki")]
transform = Transform3D(0.92732155, 3.7854803e-10, 2.9802322e-08, -5.7346385e-11, 1.0065713, -9.470689e-10, -1.4901161e-08, 1.901835e-09, 1.5589061, 0.04113388, -0.0022451878, -0.25183392)

[node name="CollisionShape3D" type="CollisionShape3D" parent="boats/boat5/StaticBody3D" unique_id=1291003306]
transform = Transform3D(1.0000025, 3.1686298e-10, 0, 2.2919727e-10, 1, -9.414234e-10, -2.9802322e-08, 3.4190472e-07, 1, -0.0019302368, 0.041012526, -0.30199623)
shape = SubResource("BoxShape3D_jscy8")

[node name="boat6" type="Node3D" parent="boats" unique_id=655138014]
transform = Transform3D(23.631033, -0.46905527, 41.04697, 0, -34.916073, -0.9050609, 29.50796, 0.37563628, -32.871887, 252.41039, -63.18147, -344.13525)

[node name="StaticBody3D" type="StaticBody3D" parent="boats/boat6" unique_id=103503175]

[node name="BoatModel2" parent="boats/boat6/StaticBody3D" unique_id=339135143 instance=ExtResource("8_tipki")]
transform = Transform3D(1.0000002, 0, 0, 0, 1.0000001, 0, 0, -1.8626451e-09, 1.0000001, 0, -0.14882302, -0.0033779144)

[node name="CollisionShape3D" type="CollisionShape3D" parent="boats/boat6/StaticBody3D" unique_id=1722998774]
transform = Transform3D(1.0000024, -6.053597e-08, 1.7881393e-06, 0, 0.9999883, -6.239861e-08, -2.9802322e-08, 5.3085387e-08, 0.9999865, -0.0019259453, -0.07452524, -0.021902561)
shape = SubResource("BoxShape3D_pm3ni")

[node name="boat7" type="Node3D" parent="boats" unique_id=456341784]
transform = Transform3D(-53.67482, 0.36822072, 17.440424, -0.14076827, -35.626537, 0.2460966, 76.72254, 0.1922393, 12.201708, 358.6629, -58.165787, -337.12457)

[node name="StaticBody3D" type="StaticBody3D" parent="boats/boat7" unique_id=1806623817]

[node name="BoatModel2" parent="boats/boat7/StaticBody3D" unique_id=282869000 instance=ExtResource("8_tipki")]
transform = Transform3D(1.0000001, 0, 0, 0, 1, 0, 0, 0, 1, 0, 0, 0)

[node name="CollisionShape3D" type="CollisionShape3D" parent="boats/boat7/StaticBody3D" unique_id=459192386]
transform = Transform3D(1.0000025, -3.4924597e-10, 5.2154064e-08, 1.7415732e-07, 0.9999999, 5.9371814e-08, -2.3841858e-07, 1.5599653e-07, 0.99999976, -0.0019283295, 0.041012764, -0.03993416)
shape = SubResource("BoxShape3D_y6deb")

[node name="boat8" type="Node3D" parent="boats" unique_id=308949174]
transform = Transform3D(-1.260013, -37.414276, 13.568073, -0.5940726, -15.118093, -33.555717, 21.606085, -2.5975883, -0.13137905, 290.60898, -68.13216, -332.45633)

[node name="StaticBody3D" type="StaticBody3D" parent="boats/boat8" unique_id=1186612821]

[node name="BoatModel2" parent="boats/boat8/StaticBody3D" unique_id=1746843564 instance=ExtResource("8_tipki")]
transform = Transform3D(1.0000001, 0, 0, 0, 1, 0, 0, 0, 1, 0, 0, 0)

[node name="CollisionShape3D" type="CollisionShape3D" parent="boats/boat8/StaticBody3D" unique_id=671043666]
transform = Transform3D(0.9999958, 2.2351742e-08, -6.891787e-07, 0, 0.9999996, 3.8713915e-07, -6.7520887e-09, 4.8137736e-08, 1.0000002, -0.0019207001, 0.08387709, 0.08047724)
shape = SubResource("BoxShape3D_og1vs")

[node name="boat9" type="Node3D" parent="boats" unique_id=1474712380]
transform = Transform3D(15.254918, -0.4291447, 18.906662, 0, -35.498745, -0.4632542, 15.054425, 0.43486, -19.158457, 190.30522, -64.60039, -344.13525)

[node name="StaticBody3D" type="StaticBody3D" parent="boats/boat9" unique_id=455336715]

[node name="BoatModel2" parent="boats/boat9/StaticBody3D" unique_id=309810170 instance=ExtResource("8_tipki")]
transform = Transform3D(0.61263204, -8.381903e-09, 2.3841858e-07, -2.3283064e-10, 0.9892134, 4.656613e-09, 5.9604645e-08, -1.8626451e-09, 1.6681455, 0, -0.14882302, -0.0033779144)

[node name="CollisionShape3D" type="CollisionShape3D" parent="boats/boat9/StaticBody3D" unique_id=2062006143]
transform = Transform3D(1.0000026, 0, 0, 0, 1.0000001, 0, 0, -1.8626451e-09, 1.0000001, -0.0019264221, -0.10294092, -0.050578117)
shape = SubResource("BoxShape3D_2wyq8")

[node name="TeleportTarget2" parent="." unique_id=1277605819 instance=ExtResource("7_o6xl0")]
transform = Transform3D(1, 0, 0, 0, 1, 0, 0, 0, 1, 139.8184, -41.764206, -341.5974)

[node name="AntonNPC2" parent="." unique_id=1360536192 instance=ExtResource("21_anton")]
transform = Transform3D(1, 0, 0, 0, 1, 0, 0, 0, 1, 10.51422, -18.538786, 2.305445)

[node name="AntonV2NPC2" parent="." unique_id=756314939 instance=ExtResource("22_antonv2")]
transform = Transform3D(1, 0, 0, 0, 1, 0, 0, 0, 1, -505.66336, -65.48435, 332.1739)
visible = false
interaction_enabled = false

[node name="JabaNPC" parent="." unique_id=1578467486 instance=ExtResource("23_pm3ni")]
transform = Transform3D(1, 0, 0, 0, 1, 0, 0, 0, 1, -332.8252, -31.883307, -318.60367)

[node name="BuildScene" parent="." unique_id=853282323 instance=ExtResource("24_y6deb")]
transform = Transform3D(1, 0, 0, 0, 1, 0, 0, 0, 1, -339.45343, -31.146317, -336.5608)
